aminoacid	Ala	Cys	Asp	Glu	Phe	Gly	His	Ile	Lys	Leu	Met	Asn	Pro	Gln	Arg	Ser	Thr	Val	Trp	Tyr
Ala	5	-1	-3	-1	-3	0	-2	-2	-1	-2	-2	-2	-1	-1	-2	1	0	-1	-4	-3
Cys	-1	9	-5	-6	-3	-4	-5	-2	-4	-2	-2	-4	-4	-4	-5	-2	-2	-2	-4	-4
Asp	-3	-5	7	1	-5	-2	-2	-5	-1	-5	-4	1	-3	-1	-3	-1	-2	-5	-6	-4
Glu	-1	-6	1	6	-5	-3	-1	-4	0	-4	-3	-1	-2	2	-1	-1	-1	-3	-5	-4
Phe	-3	-3	-5	-5	7	-5	-2	-1	-4	0	-1	-4	-4	-4	-4	-3	-3	-2	0	3
Gly	0	-4	-2	-3	-5	6	-3	-5	-2	-5	-4	-1	-3	-3	-3	-1	-3	-5	-4	-5
His	-2	-5	-2	-1	-2	-3	8	-4	-1	-4	-3	0	-3	1	0	-2	-2	-4	-3	1
Ile	-2	-2	-5	-4	-1	-5	-4	5	-4	1	1	-4	-4	-4	-4	-3	-1	3	-4	-2
Lys	-1	-4	-1	0	-4	-2	-1	-4	6	-3	-2	0	-2	1	2	-1	-1	-3	-5	-3
Leu	-2	-2	-5	-4	0	-5	-4	1	-3	5	2	-4	-4	-3	-3	-3	-2	0	-3	-2
Met	-2	-2	-4	-3	-1	-4	-3	1	-2	2	7	-3	-3	0	-2	-2	-1	0	-2	-2
Asn	-2	-4	1	-1	-4	-1	0	-4	0	-4	-3	7	-3	0	-1	0	0	-4	-5	-3
Pro	-1	-4	-3	-2	-4	-3	-3	-4	-2	-4	-3	-3	8	-2	-3	-2	-2	-3	-5	-4
Gln	-1	-4	-1	2	-4	-3	1	-4	1	-3	0	0	-2	7	1	-1	-1	-3	-3	-3
Arg	-2	-5	-3	-1	-4	-3	0	-4	2	-3	-2	-1	-3	1	6	-1	-2	-3	-4	-3
Ser	1	-2	-1	-1	-3	-1	-2	-3	-1	-3	-2	0	-2	-1	-1	5	1	-2	-4	-3
Thr	0	-2	-2	-1	-3	-3	-2	-1	-1	-2	-1	0	-2	-1	-2	1	6	-1	-4	-2
Val	-1	-2	-5	-3	-2	-5	-4	3	-3	0	0	-4	-3	-3	-3	-2	-1	5	-3	-3
Trp	-4	-4	-6	-5	0	-4	-3	-4	-5	-3	-2	-5	-5	-3	-4	-4	-4	-3	11	2
Tyr	-3	-4	-4	-4	3	-5	1	-2	-3	-2	-2	-3	-4	-3	-3	-3	-2	-3	2	8
